COMM_ROUND: 1 | Normalized: [0.0, 0.0, 0.0, 0.0, 0.0, 0.0, 0.0, 0.0, 0.0, 0.0] | Actual: [0, 0, 0, 0, 0, 0, 0, 0, 0, 0] | Average: 0.0 | AVG: 0.0
COMM_ROUND: 2 | Normalized: [0.04693232544639321, 0.04693232544639321, 0.7039848816958981, 0.0, 0.7039848816958981, 0.0, 0.04693232544639321, 0.0, 0.04693232544639321, 0.0] | Actual: [2, 2, 30, 0, 30, 0, 2, 0, 2, 0] | Average: 6.8 | AVG: 0.1595699065177369
COMM_ROUND: 3 | Normalized: [0.4978332661200056, 0.03017171309818216, 0.0, 0.03017171309818216, 0.5581766923163699, 0.4525756964727324, 0.0, 0.03017171309818216, 0.0, 0.48274740957091455] | Actual: [33, 2, 0, 2, 37, 30, 0, 2, 0, 32] | Average: 13.8 | AVG: 0.20818482037745686
COMM_ROUND: 4 | Normalized: [0.5006236183613149, 0.0, 0.021303132696226162, 0.021303132696226162, 0.021303132696226162, 0.3408501231396186, 0.0, 0.42606265392452325, 0.0, 0.6710486799311242] | Actual: [47, 0, 2, 2, 2, 32, 0, 40, 0, 63] | Average: 18.8 | AVG: 0.20024944734452593
COMM_ROUND: 5 | Normalized: [0.020789391800946667, 0.020789391800946667, 0.020789391800946667, 0.0, 0.21828861390994, 0.65486584172982, 0.0, 0.3326302688151467, 0.48855070732224665, 0.4157878360189333] | Actual: [2, 2, 2, 0, 21, 63, 0, 32, 47, 40] | Average: 20.9 | AVG: 0.21724914431989265
COMM_ROUND: 6 | Normalized: [0.10530776782660839, 0.46909823850034643, 0.01914686687756516, 0.3925107709900858, 0.2010421022144342, 0.08616090094904322, 0.44995137162278126, 0.01914686687756516, 0.6031263066433026, 0.0] | Actual: [11, 49, 2, 41, 21, 9, 47, 2, 63, 0] | Average: 24.5 | AVG: 0.2345491192501732
COMM_ROUND: 7 | Normalized: [0.01658110325294688, 0.3896559264442516, 0.0, 0.07461496463826095, 0.5223047524678267, 0.547176407347247, 0.01658110325294688, 0.09119606789120784, 0.4808519943354595, 0.17410158415594224] | Actual: [2, 47, 0, 9, 63, 66, 2, 11, 58, 21] | Average: 27.9 | AVG: 0.23130639037860892
COMM_ROUND: 8 | Normalized: [0.06776309271789385, 0.5797509043642028, 0.4366954864042048, 0.015058465048420854, 0.1656431155326294, 0.4366954864042048, 0.47434164902525694, 0.15811388300841897, 0.015058465048420854, 0.0] | Actual: [9, 77, 58, 2, 22, 58, 63, 21, 2, 0] | Average: 31.2 | AVG: 0.2349120547553653
COMM_ROUND: 9 | Normalized: [0.5995012171811742, 0.43412157106222965, 0.21361537623697013, 0.2205061948252595, 0.08268982305947231, 0.39966747812078285, 0.1515980089423659, 0.39966747812078285, 0.06890818588289359, 0.062017367294604234] | Actual: [87, 63, 31, 32, 12, 58, 22, 58, 10, 9] | Average: 38.2 | AVG: 0.2632292700726535
COMM_ROUND: 10 | Normalized: [0.5662258004236487, 0.2277919886761805, 0.06508342533605156, 0.07810011040326188, 0.05857508280244641, 0.20826696107536502, 0.3774838669490991, 0.20175861854175986, 0.4946340325539919, 0.3774838669490991] | Actual: [87, 35, 10, 12, 9, 32, 58, 31, 76, 58] | Average: 40.8 | AVG: 0.26554037537109043
COMM_ROUND: 11 | Normalized: [0.25515536988100124, 0.05467615068878597, 0.07290153425171464, 0.1944040913379057, 0.060751278543095526, 0.528536123324931, 0.3523574155499541, 0.528536123324931, 0.27945588129823945, 0.3523574155499541] | Actual: [42, 9, 12, 32, 10, 87, 58, 87, 46, 58] | Average: 44.1 | AVG: 0.2679131383750512
COMM_ROUND: 12 | Normalized: [0.06943960753461971, 0.1273059471468028, 0.5034371546259929, 0.24303862637116896, 0.3356247697506619, 0.05786633961218309, 0.3414114037118802, 0.5034371546259929, 0.3356247697506619, 0.2603985282548239] | Actual: [12, 22, 87, 42, 58, 10, 59, 87, 58, 45] | Average: 48.0 | AVG: 0.27775843013847884
COMM_ROUND: 13 | Normalized: [0.05434381337081412, 0.06521257604497695, 0.3532347869102918, 0.15759705877536095, 0.2662846855169892, 0.3151941175507219, 0.5108318456856528, 0.47279117632608286, 0.24454716016866354, 0.3586691682473732] | Actual: [10, 12, 65, 29, 49, 58, 94, 87, 45, 66] | Average: 51.5 | AVG: 0.2798706388596927
COMM_ROUND: 14 | Normalized: [0.3440887757689872, 0.2593900001950827, 0.4976053064966892, 0.4605495921831059, 0.307033061455404, 0.34938244924235623, 0.23821530630160653, 0.05293673473369034, 0.23821530630160653, 0.14822285725433296] | Actual: [65, 49, 94, 87, 58, 66, 45, 10, 45, 28] | Average: 54.7 | AVG: 0.28956393899328614
COMM_ROUND: 15 | Normalized: [0.25619138291205906, 0.2766866935450238, 0.32280114246919445, 0.4457730062669828, 0.3330487977856768, 0.07685741487361773, 0.14346717443075307, 0.3637917637351239, 0.4816397998746711, 0.23057224462085318] | Actual: [50, 54, 63, 87, 65, 15, 28, 71, 94, 45] | Average: 57.2 | AVG: 0.29308294205139557
COMM_ROUND: 16 | Normalized: [0.1333484530627388, 0.30003401939116225, 0.30479646414340295, 0.07143667128361007, 0.23812223761203355, 0.30955890889564364, 0.2619344613732369, 0.4619571409673451, 0.4952942542330298, 0.33813357740908767] | Actual: [28, 63, 64, 15, 50, 65, 55, 97, 104, 71] | Average: 61.2 | AVG: 0.29146161883712907
COMM_ROUND: 17 | Normalized: [0.11357771260606367, 0.29530205277576554, 0.22715542521212734, 0.34073313781819103, 0.290758944271523, 0.47248328444122484, 0.1272070381187913, 0.3316469208097059, 0.440681524911527, 0.3225607038012208] | Actual: [25, 65, 50, 75, 64, 104, 28, 73, 97, 71] | Average: 65.2 | AVG: 0.2962106744766141
COMM_ROUND: 18 | Normalized: [0.33986394408210563, 0.4281402931943408, 0.22069087278058805, 0.31338103934843503, 0.3310363091708821, 0.32220867425965855, 0.11034543639029402, 0.3089672218928233, 0.4590370153836232, 0.15006979349079988] | Actual: [77, 97, 50, 71, 75, 73, 25, 70, 104, 34] | Average: 67.6 | AVG: 0.29837405999935507
COMM_ROUND: 19 | Normalized: [0.3567789088268252, 0.29040143741718333, 0.14105212674548903, 0.4314535641626724, 0.34848172490061996, 0.45634511594128807, 0.31944158115890164, 0.10371479907756548, 0.20742959815513096, 0.31114439723269643] | Actual: [86, 70, 34, 104, 84, 110, 77, 25, 50, 75] | Average: 71.5 | AVG: 0.2966243253618373
COMM_ROUND: 20 | Normalized: [0.1359934724699784, 0.22798905678790496, 0.4399788815205184, 0.1279938564423326, 0.32798425713347734, 0.3439834891887689, 0.3079852170643629, 0.415980033437581, 0.3359838731611231, 0.3359838731611231] | Actual: [34, 57, 110, 32, 82, 86, 77, 104, 84, 84] | Average: 75.0 | AVG: 0.2999856010367171
COMM_ROUND: 21 | Normalized: [0.2795929479037869, 0.4213044420468022, 0.2949131094327615, 0.1302213729962843, 0.32938347287295444, 0.4596048458692387, 0.3217233921084671, 0.3140633113439798, 0.122561292231797, 0.3217233921084671] | Actual: [73, 110, 77, 34, 86, 120, 84, 82, 32, 84] | Average: 78.2 | AVG: 0.2995091578914539
COMM_ROUND: 22 | Normalized: [0.16486613724521557, 0.45063410847025587, 0.30775012285773573, 0.3150775067353009, 0.30775012285773573, 0.34805073418434396, 0.28210427928625775, 0.4396430326539082, 0.12456552591860731, 0.26744951153112745] | Actual: [45, 123, 84, 86, 84, 95, 77, 120, 34, 73] | Average: 82.1 | AVG: 0.30078910817404886
COMM_ROUND: 23 | Normalized: [0.29403899950863627, 0.29403899950863627, 0.3325441065871481, 0.36404828510593057, 0.46206128494214266, 0.15752089259391228, 0.2695357495495832, 0.4200557135837661, 0.2870380709489068, 0.11901578551540039] | Actual: [84, 84, 95, 104, 132, 45, 77, 120, 82, 34] | Average: 85.7 | AVG: 0.2999897887844062
COMM_ROUND: 24 | Normalized: [0.322793323497068, 0.2854172544605654, 0.19027816964037694, 0.35337374361784285, 0.1155260315673717, 0.2616324832555183, 0.40773893494366487, 0.322793323497068, 0.44851282843803136, 0.31599767458134026] | Actual: [95, 84, 56, 104, 34, 77, 120, 95, 132, 93] | Average: 89.0 | AVG: 0.3024063767498848
COMM_ROUND: 25 | Normalized: [0.4323734174294374, 0.11136891055000661, 0.18343114678824618, 0.3635867373838451, 0.31117783830148904, 0.29807561353090006, 0.39306674311767037, 0.2751467201823693, 0.3341067316500198, 0.3275556192647253] | Actual: [132, 34, 56, 111, 95, 91, 120, 84, 102, 100] | Average: 92.5 | AVG: 0.3029889478198709
COMM_ROUND: 26 | Normalized: [0.4194875242084814, 0.16207472526236782, 0.2669466063144882, 0.17796440420965878, 0.3019038999985283, 0.2891921568406955, 0.4353772031557724, 0.3177935789458192, 0.3527508726298594, 0.32414945052473565] | Actual: [132, 51, 84, 56, 95, 91, 137, 100, 111, 102] | Average: 95.9 | AVG: 0.30476404220904063
COMM_ROUND: 27 | Normalized: [0.4076793464724872, 0.25943231139158274, 0.19148575364616824, 0.3428212686245915, 0.17295487426105519, 0.3273788691369973, 0.28105167067421466, 0.30884798975188427, 0.3489982284196292, 0.4231217459600814] | Actual: [132, 84, 62, 111, 56, 106, 91, 100, 113, 137] | Average: 99.2 | AVG: 0.3063772058338691
COMM_ROUND: 28 | Normalized: [0.3321656512645514, 0.33815061795400275, 0.35012055133290554, 0.4099702182274193, 0.2723159843700376, 0.18553396737299266, 0.16757906730463853, 0.3022408178172945, 0.39500780150379083, 0.3172032345409229] | Actual: [111, 113, 117, 137, 91, 62, 56, 101, 132, 106] | Average: 102.6 | AVG: 0.3070287911688556
COMM_ROUND: 29 | Normalized: [0.26302994973424454, 0.39599014410540107, 0.3555239979924404, 0.33818136394402865, 0.2919343398149307, 0.381537949065058, 0.1792072185002545, 0.32083872989561696, 0.37575707104892075, 0.1618645844518428] | Actual: [91, 137, 123, 117, 101, 132, 62, 111, 130, 56] | Average: 106.0 | AVG: 0.30638653485527384
COMM_ROUND: 30 | Normalized: [0.40771405311995007, 0.280130063708265, 0.17196102920705378, 0.1553196392837905, 0.25239441383615957, 0.3661105783117919, 0.341148493426897, 0.3882990982094763, 0.3522427533757392, 0.33560136345247593] | Actual: [147, 101, 62, 56, 91, 132, 123, 140, 127, 121] | Average: 110.0 | AVG: 0.30509214859315986
COMM_ROUND: 31 | Normalized: [0.3239720965407861, 0.2971975431076633, 0.3400368286006598, 0.14993749922548777, 0.2704229896745405, 0.3561015606605335, 0.40161830149684224, 0.3935859354669054, 0.3534241053172212, 0.16600223128536148] | Actual: [121, 111, 127, 56, 101, 133, 150, 147, 132, 62] | Average: 114.0 | AVG: 0.3052299091376002
COMM_ROUND: 32 | Normalized: [0.16020404418292317, 0.34366351413433516, 0.2868169178113624, 0.3798386208853178, 0.4134297914398017, 0.31265627977635, 0.366918939902824, 0.3281598969553426, 0.31265627977635, 0.1447004270039306] | Actual: [62, 133, 111, 147, 160, 121, 142, 127, 121, 56] | Average: 118.0 | AVG: 0.30490447118685376
COMM_ROUND: 33 | Normalized: [0.4077323152785459, 0.3618624298097095, 0.28286429372449123, 0.30834756342940034, 0.30834756342940034, 0.37460406466216406, 0.15799627217043655, 0.3236375252523458, 0.14270631034749107, 0.37715239163265496] | Actual: [160, 142, 111, 121, 121, 147, 62, 127, 56, 148] | Average: 119.5 | AVG: 0.30452507297366405
COMM_ROUND: 34 | Normalized: [0.3118426475005533, 0.15223814287428586, 0.3805953571857147, 0.39287262677235063, 0.27255538482331826, 0.29710992399659014, 0.39287262677235063, 0.29710992399659014, 0.39532808068967784, 0.1375054193703227] | Actual: [127, 62, 155, 160, 111, 121, 160, 121, 161, 56] | Average: 123.4 | AVG: 0.3030030133981755
COMM_ROUND: 35 | Normalized: [0.38969371226846977, 0.13639279929396442, 0.3093193841130979, 0.3775157837600801, 0.29470586990303027, 0.29470586990303027, 0.19728244183591284, 0.38969371226846977, 0.27035001288625093, 0.3921292979701477] | Actual: [160, 56, 127, 155, 121, 121, 81, 160, 111, 161] | Average: 125.3 | AVG: 0.30517888842024543
COMM_ROUND: 36 | Normalized: [0.4007226567225786, 0.1920623384291649, 0.30824819747890664, 0.40309379670318557, 0.28690793765344386, 0.2631965378473741, 0.15412409873945332, 0.37938239689711584, 0.3011347775370857, 0.36752669699408097] | Actual: [169, 81, 130, 170, 121, 111, 65, 160, 127, 155] | Average: 128.9 | AVG: 0.30563994350023893
COMM_ROUND: 37 | Normalized: [0.2821785694757488, 0.4104415556010892, 0.2028887235073566, 0.15158352905722045, 0.36146841544414104, 0.2728503523029968, 0.3031670581144409, 0.3101632209940049, 0.3941171755487732, 0.3731286869100811] | Actual: [121, 176, 87, 65, 155, 117, 130, 133, 169, 160] | Average: 131.3 | AVG: 0.30619872869558534
COMM_ROUND: 38 | Normalized: [0.1484544561870471, 0.44993119798228126, 0.3037606565058041, 0.19870057981958614, 0.36542635369119286, 0.2763536799789646, 0.3859815860863225, 0.2672180211366848, 0.2969089123740942, 0.35400678013834314] | Actual: [65, 197, 133, 87, 160, 121, 169, 117, 130, 155] | Average: 133.4 | AVG: 0.3046742223900321
COMM_ROUND: 39 | Normalized: [0.45028345985457746, 0.19489881098183204, 0.3561943786909344, 0.3875574057454821, 0.3673954597818443, 0.26210529752729134, 0.300188973236385, 0.14561405418182852, 0.2800270272727472, 0.297948757018203] | Actual: [201, 87, 159, 173, 164, 117, 134, 65, 125, 133] | Average: 135.8 | AVG: 0.3042213624291126
COMM_ROUND: 40 | Normalized: [0.3480954425392042, 0.31306697033400127, 0.4400451820778619, 0.2933634547185746, 0.2561457030005465, 0.3787453557187568, 0.16419596346188878, 0.27365993910314795, 0.38093463523158194, 0.21236011274404282] | Actual: [159, 143, 201, 134, 117, 173, 75, 125, 174, 97] | Average: 139.8 | AVG: 0.3060612758929607
COMM_ROUND: 41 | Normalized: [0.31724090204852345, 0.27839507730788793, 0.21796823882245486, 0.43377837627043, 0.29781798967820566, 0.3755096391594767, 0.34313811854228043, 0.2524978608141309, 0.17049000858390034, 0.38198394328291596] | Actual: [147, 129, 101, 201, 138, 174, 159, 117, 79, 177] | Average: 142.2 | AVG: 0.3068820154510206
COMM_ROUND: 42 | Normalized: [0.2978890603513698, 0.3083781117721927, 0.4216598671170798, 0.3608233688763071, 0.37131242029713, 0.2894978192147115, 0.2118788387006222, 0.16572701244900154, 0.39229052313877577, 0.24544380324725543] | Actual: [142, 147, 201, 172, 177, 138, 101, 79, 187, 117] | Average: 146.1 | AVG: 0.3064900825164446
COMM_ROUND: 43 | Normalized: [0.23994460301249848, 0.38350120310544633, 0.4122125231240359, 0.2973672430496776, 0.2912148173314084, 0.36709473452339514, 0.1620138772477554, 0.3773487773871771, 0.3158245202044852, 0.2214873258576909] | Actual: [117, 187, 201, 145, 142, 179, 79, 184, 154, 108] | Average: 149.6 | AVG: 0.306800962484357
COMM_ROUND: 44 | Normalized: [0.15750964818733865, 0.3987586030059206, 0.3150192963746773, 0.3828082588856838, 0.21532964562319712, 0.30704412431455885, 0.28311860813420364, 0.4007523960209502, 0.366857914765447, 0.23327378275846355] | Actual: [79, 200, 158, 192, 108, 154, 142, 201, 184, 117] | Average: 153.5 | AVG: 0.3060472278070441
COMM_ROUND: 45 | Normalized: [0.3099451629075781, 0.31386851940007915, 0.39429732749634944, 0.22951635481130786, 0.37664222328009495, 0.37271886678759397, 0.15497258145378906, 0.21186125059505342, 0.40410571872760187, 0.2903283804450732] | Actual: [158, 160, 201, 117, 192, 190, 79, 108, 206, 148] | Average: 155.9 | AVG: 0.30582563859045214
COMM_ROUND: 46 | Normalized: [0.2245127283763275, 0.39529591491900395, 0.38570135387728055, 0.39529591491900395, 0.28399900683501256, 0.3377285486686636, 0.15159406445922968, 0.20724251850122538, 0.30318812891845937, 0.36843114400217847] | Actual: [117, 206, 201, 206, 148, 176, 79, 108, 158, 192] | Average: 159.1 | AVG: 0.30529893234763855
COMM_ROUND: 47 | Normalized: [0.3175693254725624, 0.14844956634516232, 0.21985568686562013, 0.2987782411250735, 0.3307230845158046, 0.20294371095288014, 0.38709633755827133, 0.40776653034050914, 0.3777007953845269, 0.36078881947178687] | Actual: [169, 79, 117, 159, 176, 108, 206, 217, 201, 192] | Average: 162.4 | AVG: 0.30516720980321976
COMM_ROUND: 48 | Normalized: [0.2185618150718126, 0.3848182385025077, 0.2970199025334889, 0.20174936775859625, 0.32877674745845314, 0.37547798999516524, 0.18306887074391143, 0.405366785218661, 0.31570039954817375, 0.3586655426819489] | Actual: [117, 206, 159, 108, 176, 201, 98, 217, 169, 192] | Average: 164.3 | AVG: 0.3069205659512719
COMM_ROUND: 49 | Normalized: [0.3382013841171204, 0.19637499722929572, 0.17819212711547205, 0.3945682814699738, 0.30729050492362014, 0.39274999445859143, 0.2891076348097965, 0.3672939762992383, 0.38365855940167964, 0.21273958033173704] | Actual: [186, 108, 98, 217, 169, 216, 159, 202, 211, 117] | Average: 168.3 | AVG: 0.30601770401565254
COMM_ROUND: 50 | Normalized: [0.30319425667598554, 0.28525376811527636, 0.22425610700886506, 0.3336930872291912, 0.38930860176738974, 0.3623978689263259, 0.1758167878949502, 0.3785443086309642, 0.3875145529113188, 0.24040254671350333] | Actual: [169, 159, 125, 186, 217, 202, 98, 211, 216, 134] | Average: 171.7 | AVG: 0.308038188587377
COMM_ROUND: 51 | Normalized: [0.22033693527509182, 0.18508302563107715, 0.29789553649192413, 0.34020022806474176, 0.29260745004532196, 0.3807422241553587, 0.36840335577995353, 0.371928746744355, 0.24854006299030357, 0.3825049196375594] | Actual: [125, 105, 169, 193, 166, 216, 209, 211, 141, 217] | Average: 175.2 | AVG: 0.30882424848156864
COMM_ROUND: 52 | Normalized: [0.37351743324684583, 0.292242806568134, 0.3614127016138462, 0.35622495948541777, 0.24382388003613545, 0.3752466806229886, 0.20405119038485095, 0.21615592201785058, 0.3648711963661318, 0.309535280329562] | Actual: [216, 169, 209, 206, 141, 217, 118, 125, 211, 179] | Average: 179.1 | AVG: 0.3097082050671763
COMM_ROUND: 53 | Normalized: [0.23930672222933047, 0.354717056354114, 0.3496254239662559, 0.38356963988530984, 0.2002708739224184, 0.36659753192578287, 0.3021035216795803, 0.3581114779460194, 0.2274262466576616, 0.3190756296391073] | Actual: [141, 209, 206, 226, 118, 216, 178, 211, 134, 188] | Average: 182.7 | AVG: 0.310080412420558
COMM_ROUND: 54 | Normalized: [0.31718298782252785, 0.3686629491968648, 0.33378942697553976, 0.2341507920574682, 0.35869908570505765, 0.19595598200554076, 0.22252628465035984, 0.35039586612855167, 0.37530552485806956, 0.34209264655204574] | Actual: [191, 222, 201, 141, 216, 118, 134, 211, 226, 206] | Average: 186.6 | AVG: 0.30987615459520257
COMM_ROUND: 55 | Normalized: [0.3677125918868792, 0.3628314512866109, 0.22941360821261048, 0.3433068888855377, 0.1919915302772201, 0.3107659515504156, 0.38886420115470854, 0.35144212321931817, 0.21802428014531774, 0.32703642021797663] | Actual: [226, 223, 141, 211, 118, 191, 239, 216, 134, 201] | Average: 190.0 | AVG: 0.30913890468365957
COMM_ROUND: 56 | Normalized: [0.22551428477915178, 0.33747173112341156, 0.20312279551029983, 0.396649238476806, 0.3614626124828958, 0.37105896502668945, 0.3214778102170887, 0.3054838893107659, 0.22871306896041635, 0.34546869157657295] | Actual: [141, 211, 127, 248, 226, 232, 201, 191, 143, 216] | Average: 193.6 | AVG: 0.30964230874640986
COMM_ROUND: 57 | Normalized: [0.3474607365976682, 0.3395639016749939, 0.20057960703592662, 0.39800048010278355, 0.2226907448194146, 0.3632544064430167, 0.23216694672662372, 0.36641314041208645, 0.3174527638915059, 0.3079765619842968] | Actual: [220, 215, 127, 252, 141, 230, 147, 232, 201, 195] | Average: 196.0 | AVG: 0.30955592896883166
COMM_ROUND: 58 | Normalized: [0.30343295061506814, 0.3127693490955318, 0.36100740791126057, 0.25363882538592875, 0.21940536429089544, 0.35789527508443936, 0.35945134149784996, 0.19762043450314695, 0.3921287361794727, 0.3423346109503333] | Actual: [195, 201, 232, 163, 141, 230, 231, 127, 252, 220] | Average: 199.2 | AVG: 0.30996842955139264
COMM_ROUND: 59 | Normalized: [0.29975957926061614, 0.21674923423459935, 0.36124872372433225, 0.25056826368964324, 0.39353052456778326, 0.3566370378895536, 0.3151318653765452, 0.34433920899681036, 0.20137694811867032, 0.35971149511273937] | Actual: [195, 141, 235, 163, 256, 232, 205, 224, 131, 234] | Average: 201.6 | AVG: 0.30990528809712936
COMM_ROUND: 60 | Normalized: [0.22053034266507152, 0.3406813569446622, 0.20532135351575623, 0.31786787322068927, 0.39543371788219717, 0.35284854826411444, 0.36197394175370357, 0.357411245008909, 0.2539901187935651, 0.2965752884116479] | Actual: [145, 224, 135, 209, 260, 232, 238, 235, 167, 195] | Average: 204.0 | AVG: 0.3102633786460316
COMM_ROUND: 61 | Normalized: [0.202889643290809, 0.39075042411563216, 0.3606926991836604, 0.32161765677209725, 0.2584964344149567, 0.300577249319717, 0.34866960921087176, 0.35768692669046326, 0.34416095047107603, 0.21791850575679486] | Actual: [135, 260, 240, 214, 172, 200, 232, 238, 229, 145] | Average: 206.5 | AVG: 0.3103460099226078
COMM_ROUND: 62 | Normalized: [0.30827400572159935, 0.3510488677595246, 0.19912435776275555, 0.35399885824489874, 0.2536991817421774, 0.3156489819350347, 0.3554738534875858, 0.3510488677595246, 0.39677372028282404, 0.21387431018962633] | Actual: [209, 238, 135, 240, 172, 214, 241, 238, 269, 145] | Average: 210.1 | AVG: 0.3098965004885551
